

istanze_cl/80_cl_dataset

1	232.649	285.681
2	3600.01	326.623
3	124.342	307.625
4	3613.73	291.085


istanze_cl/90_cl_dataset

1	96.109	273.718
2	268.97	174.74
3	68.411	308.327
4	3600.02	405.472


istanze_cl/100_cl_dataset

1	990.748	325.174
2	668.649	247.389
3	324.002	366.503
4	3600.02	362.039


istanze_line/70_line_dataset

1	254.218	399.93
2	31.838	311.815
3	255.112	431.462
4	122.599	365.242


istanze_line/80_line_dataset

1	138.119	343.466
2	351.593	387.624
3	60.871	306.028
4	18.3	281.249


istanze_line/90_line_dataset



istanze_line/90_line_dataset

1	167.393	299.544
2	3600.02	478.714
3	1144.86	426.229
4	81.353	313.67


istanze_line/100_line_dataset

1	1897.02	364.388
2	3605.11	387.014
3	254.702	320.892
4	2467.18	407.188


istanze_circle/70_circle_dataset

1	3611.86	275.222
2	49.781	250.276


istanze_circle/80_circle_dataset

1	49.512	548.281
2	102.398	403.446
3	293.63	144.94
4	92.176	225.483


istanze_circle/90_circle_dataset

1	159.431	361.478
2	139.043	379.671
3	140.812	258.881
4	2061.8	442.317


istanze_circle/100_circle_dataset

1	3600.01	527.281
2	290.533	538.758


istanze_circle/100_circle_dataset

1	3600.01	527.288
2	290.192	538.758
3	3600.01	411.977
4	254.913	297.516


istanze_circle/70_circle_dataset



istanze_circle/70_circle_dataset

3	3610.22	275.222
4	49.518	250.276
