

istanze/10_rand_dataset

1	5.31	344.725	344.725	344.725	0	330.404	330.404	330.404	0
2	5.191	345.47	345.47	345.47	0	284.322	284.322	284.322	0
3	5.152	350.34	350.34	350.34	0	297.305	297.305	297.305	0
4	5.173	362.408	362.408	362.408	0	330.608	330.608	330.608	0


istanze/20_rand_dataset

1	11.038	376.412	376.412	376.412	0	368.776	368.776	368.776	0
2	11.037	460.815	460.815	460.815	0	397.501	397.501	397.501	0
3	11.024	486.597	486.597	486.597	0	411.368	411.368	411.368	0
4	11.022	427.533	427.533	427.533	0	359.859	359.859	359.859	0


istanze/30_rand_dataset

1	18.026	545.995	545.995	545.995	0	473.192	473.192	473.192	0
2	18.061	579.827	579.827	579.827	0	475.89	475.89	475.89	0
3	18.041	551.236	551.236	551.236	0	494.013	494.013	494.013	0
4	18.026	506.358	506.358	506.358	0	481.176	481.176	481.176	0


istanze/40_rand_dataset

1	25.821	607.261	607.261	607.261	0	595.288	595.288	595.288	0
2	25.904	646.451	646.451	646.451	0	558.378	558.378	558.378	0
3	25.849	632.092	632.092	632.092	0	582.124	582.124	582.124	0
4	25.867	620.298	620.298	620.298	0	563.193	563.193	563.193	0


istanze/50_rand_dataset

1	34.417	688.35	688.35	688.35	0	620.092	620.092	620.092	0
2	34.453	629.798	629.798	629.798	0	575.03	575.03	575.03	0
3	34.382	566.91	566.91	566.91	0	555.382	555.382	555.382	0
4	34.433	620.067	620.067	620.067	0	571.99	571.99	571.99	0


istanze/60_rand_dataset

1	44.009	718.391	718.391	718.391	0	646.779	646.779	646.779	0
2	44.066	752.495	752.495	752.495	0	670.317	670.317	670.317	0
3	44.005	684.323	684.323	684.323	0	648.749	648.749	648.749	0
4	44.059	654.659	654.659	654.659	0	599.174	599.174	599.174	0


istanze/70_rand_dataset

1	54.2	668.696	668.696	668.696	0	651.703	651.703	651.703	0
2	54.108	739.473	739.473	739.473	0	699.111	699.111	699.111	0
3	54.081	754.356	754.356	754.356	0	718.04	718.04	718.04	0
4	54.07	764.429	764.429	764.429	0	707.699	707.699	707.699	0


istanze/80_rand_dataset

1	65.369	847.591	847.591	847.591	0	759.86	759.86	759.86	0
2	65.383	785.935	785.935	785.935	0	732.916	732.916	732.916	0
3	65.404	829.362	829.362	829.362	0	720.36	720.36	720.36	0
4	65.346	792.372	792.372	792.372	0	757.426	757.426	757.426	0


istanze/90_rand_dataset

1	79.882	840.977	840.977	840.977	0	737.627	737.627	737.627	0
2	79.27	839.752	839.752	839.752	0	811.262	811.262	811.262	0
3	79.514	862.475	862.475	862.475	0	824.979	824.979	824.979	0
4	79.232	880.936	880.936	880.936	0	807.587	807.587	807.587	0


istanze/100_rand_dataset

1	90.369	884.045	884.045	884.045	0	826.03	826.03	826.03	0
2	90.444	859.307	859.307	859.307	0	814.8	814.8	814.8	0
3	90.621	955.149	955.149	955.149	0	791.829	791.829	791.829	0
4	90.572	916.031	916.031	916.031	0	851.086	851.086	851.086	0


istanze_cl/10_cl_dataset

1	5.145	161.263	161.263	161.263	0	105.943	105.943	105.943	0
2	5.141	221.514	221.514	221.514	0	217.03	217.03	217.03	0
3	5.148	212.892	212.892	212.892	0	212.892	212.892	212.892	0
4	5.132	293.973	293.973	293.973	0	202.673	202.673	202.673	0


istanze_cl/20_cl_dataset

1	11.02	395.718	395.718	395.718	0	233.456	233.456	233.456	0
2	11.039	330.963	330.963	330.963	0	271.206	271.206	271.206	0
3	11.013	183.601	183.601	183.601	0	181.294	181.294	181.294	0
4	11.163	179.623	179.623	179.623	0	134.071	134.071	134.071	0


istanze_cl/30_cl_dataset

1	17.992	158.656	158.656	158.656	0	149.155	149.155	149.155	0
2	17.99	202.762	202.762	202.762	0	177.898	177.898	177.898	0
3	17.961	245.443	245.443	245.443	0	197.975	197.975	197.975	0
4	17.992	276.129	276.129	276.129	0	259.594	259.594	259.594	0


istanze_cl/40_cl_dataset

1	25.87	275.641	275.641	275.641	0	259.127	259.127	259.127	0
2	25.839	206.832	206.832	206.832	0	186.122	186.122	186.122	0
3	25.848	286.841	286.841	286.841	0	281.386	281.386	281.386	0
4	25.873	295.935	295.935	295.935	0	227.467	227.467	227.467	0


istanze_cl/50_cl_dataset

1	34.468	337.87	337.87	337.87	0	291.401	291.401	291.401	0
2	34.521	318.458	318.458	318.458	0	256.712	256.712	256.712	0
3	34.482	228.641	228.641	228.641	0	215.709	215.709	215.709	0
4	34.419	252.791	252.791	252.791	0	227.626	227.626	227.626	0


istanze_cl/60_cl_dataset

1	43.802	288.331	288.331	288.331	0	274.481	274.481	274.481	0
2	43.879	378.766	378.766	378.766	0	334.655	334.655	334.655	0
3	43.906	315.56	315.56	315.56	0	297.681	297.681	297.681	0
4	43.838	241.747	241.747	241.747	0	238.227	238.227	238.227	0


istanze_cl/70_cl_dataset

1	54.219	298.228	298.228	298.228	0	287.866	287.866	287.866	0
2	54.172	276.607	276.607	276.607	0	204.353	204.353	204.353	0
3	54.1	299.334	299.334	299.334	0	271.768	271.768	271.768	0
4	53.994	366.247	366.247	366.247	0	284.119	284.119	284.119	0


istanze_cl/80_cl_dataset

1	65.246	330.948	330.948	330.948	0	302.61	302.61	302.61	0
2	65.203	421.086	421.086	421.086	0	340.762	340.762	340.762	0
3	65.226	345.936	345.936	345.936	0	322.342	322.342	322.342	0
4	65.168	335.575	335.575	335.575	0	304.382	304.382	304.382	0


istanze_cl/90_cl_dataset

1	77.404	294.125	294.125	294.125	0	283.366	283.366	283.366	0
2	77.44	184.273	184.273	184.273	0	180.048	180.048	180.048	0
3	77.356	375.551	375.551	375.551	0	321.618	321.618	321.618	0
4	77.57	579.982	579.982	579.982	0	409.32	409.32	409.32	0


istanze_cl/100_cl_dataset

1	90.753	372.138	372.138	372.138	0	341.154	341.154	341.154	0
2	90.462	327.807	327.807	327.807	0	263.221	263.221	263.221	0
3	90.169	413.951	413.951	413.951	0	386.821	386.821	386.821	0
4	90.083	496.223	496.223	496.223	0	373.56	373.56	373.56	0


istanze_line/10_line_dataset

1	5.25	199.519	199.519	199.519	0	159.218	159.218	159.218	0
2	5.248	319.946	319.946	319.946	0	288.51	288.51	288.51	0
3	5.247	281.665	281.665	281.665	0	261.339	261.339	261.339	0
4	5.234	255.767	255.767	255.767	0	209.73	209.73	209.73	0


istanze_line/20_line_dataset

1	11.014	364.037	364.037	364.037	0	319.623	319.623	319.623	0
2	11.008	271.361	271.361	271.361	0	229.684	229.684	229.684	0
3	11.03	408.684	408.684	408.684	0	367.093	367.093	367.093	0
4	11.026	341.386	341.386	341.386	0	326.201	326.201	326.201	0


istanze_line/30_line_dataset

1	18.05	488.1	488.1	488.1	0	382.653	382.653	382.653	0
2	18.062	626.726	626.726	626.726	0	454.781	454.781	454.781	0
3	18.005	368.594	368.594	368.594	0	333.605	333.605	333.605	0
4	18.049	400.436	400.436	400.436	0	318.679	318.679	318.679	0


istanze_line/40_line_dataset

1	25.803	532.174	532.174	532.174	0	408.3	408.3	408.3	0
2	25.783	394.975	394.975	394.975	0	283.883	283.883	283.883	0
3	25.731	273.276	273.276	273.276	0	217.522	217.522	217.522	0
4	25.776	439.227	439.227	439.227	0	331.722	331.722	331.722	0


istanze_line/50_line_dataset

1	34.403	379.871	379.871	379.871	0	286.163	286.163	286.163	0
2	34.499	306.463	306.463	306.463	0	248.204	248.204	248.204	0
3	34.517	400.588	400.588	400.588	0	323.377	323.377	323.377	0
4	34.453	433.374	433.374	433.374	0	383.522	383.522	383.522	0


istanze_line/60_line_dataset

1	43.74	410.512	410.512	410.512	0	327.586	327.586	327.586	0
2	43.799	416.105	416.105	416.105	0	307.267	307.267	307.267	0
3	43.812	460.572	460.572	460.572	0	382.379	382.379	382.379	0
4	43.881	515.472	515.472	515.472	0	400.326	400.326	400.326	0


istanze_line/70_line_dataset

1	54.385	444.078	444.078	444.078	0	399.93	399.93	399.93	0
2	54.273	441.777	441.777	441.777	0	318.785	318.785	318.785	0
3	54.301	491.432	491.432	491.432	0	451.827	451.827	451.827	0
4	54.474	408.886	408.886	408.886	0	380.468	380.468	380.468	0


istanze_line/80_line_dataset

1	68.56	473.021	473.021	473.021	0	347.587	347.587	347.587	0
2	65.62	494.834	494.834	494.834	0	393.742	393.742	393.742	0
3	65.498	367.643	367.643	367.643	0	308.17	308.17	308.17	0
4	65.64	318.352	318.352	318.352	0	293.89	293.89	293.89	0


istanze_line/90_line_dataset

1	77.732	354.042	354.042	354.042	0	303.964	303.964	303.964	0
2	77.678	523.139	523.139	523.139	0	478.714	478.714	478.714	0
3	77.578	583.095	583.095	583.095	0	427.966	427.966	427.966	0
4	77.552	417.892	417.892	417.892	0	314.785	314.785	314.785	0


istanze_line/100_line_dataset

1	92.327	420.773	420.773	420.773	0	378.812	378.812	378.812	0
2	92.026	454.309	454.309	454.309	0	413.99	413.99	413.99	0
3	92.394	453.967	453.967	453.967	0	320.892	320.892	320.892	0
4	92.958	474.965	474.965	474.965	0	412.909	412.909	412.909	0


istanze_circle/10_circle_dataset

1	5.126	248.343	248.343	248.343	0	225.682	225.682	225.682	0
2	5.144	261.365	261.365	261.365	0	248.811	248.811	248.811	0
3	5.154	236.704	236.704	236.704	0	151.944	151.944	151.944	0
4	5.103	122.763	122.763	122.763	0	98.1439	98.1439	98.1439	0


istanze_circle/20_circle_dataset

1	11.047	358.661	358.661	358.661	0	264.681	264.681	264.681	0
2	11.035	305.845	305.845	305.845	0	272.763	272.763	272.763	0
3	11.038	382.306	382.306	382.306	0	258.023	258.023	258.023	0
4	11.036	439.628	439.628	439.628	0	373.909	373.909	373.909	0


istanze_circle/30_circle_dataset

1	18.025	552.91	552.91	552.91	0	423.397	423.397	423.397	0
2	18.027	490.174	490.174	490.174	0	380.674	380.674	380.674	0
3	18.049	479.924	479.924	479.924	0	390.255	390.255	390.255	0
4	17.897	306.907	306.907	306.907	0	255.898	255.898	255.898	0


istanze_circle/40_circle_dataset

1	25.797	423.025	423.025	423.025	0	343.887	343.887	343.887	0
2	25.834	345.557	345.557	345.557	0	285.975	285.975	285.975	0
3	26.504	484.298	484.298	484.298	0	415.815	415.815	415.815	0
4	25.807	288.677	288.677	288.677	0	195.695	195.695	195.695	0


istanze_circle/50_circle_dataset

1	34.398	363.013	363.013	363.013	0	298.354	298.354	298.354	0
2	34.421	488.408	488.408	488.408	0	454.574	454.574	454.574	0
3	34.429	365.761	365.761	365.761	0	296.22	296.22	296.22	0
4	34.359	440.666	440.666	440.666	0	393.612	393.612	393.612	0


istanze_circle/60_circle_dataset

1	44.036	393.041	393.041	393.041	0	344.867	344.867	344.867	0
2	44.153	461.212	461.212	461.212	0	381.75	381.75	381.75	0
3	44.093	306.879	306.879	306.879	0	229.035	229.035	229.035	0
4	44.137	548.225	548.225	548.225	0	481.962	481.962	481.962	0


istanze_circle/70_circle_dataset

1	54.181	336.308	336.308	336.308	0	283.113	283.113	283.113	0
2	54.215	268.844	268.844	268.844	0	250.276	250.276	250.276	0
3	54.411	399.988	399.988	399.988	0	350.052	350.052	350.052	0
4	54.186	522.634	522.634	522.634	0	470.075	470.075	470.075	0


istanze_circle/80_circle_dataset

1	66.004	591.366	591.366	591.366	0	576.421	576.421	576.421	0
2	66.152	413.318	413.318	413.318	0	407.776	407.776	407.776	0
3	65.389	181.451	181.451	181.451	0	146.026	146.026	146.026	0
4	65.724	248.514	248.514	248.514	0	226.637	226.637	226.637	0


istanze_circle/90_circle_dataset

1	77.518	449.656	449.656	449.656	0	372.783	372.783	372.783	0
2	77.277	457.411	457.411	457.411	0	379.671	379.671	379.671	0
3	77.461	334.16	334.16	334.16	0	268.044	268.044	268.044	0
4	76.995	449.422	449.422	449.422	0	446.755	446.755	446.755	0


istanze_circle/100_circle_dataset

1	90.639	606.846	606.846	606.846	0	534.544	534.544	534.544	0
2	90.928	648.274	648.274	648.274	0	563.821	563.821	563.821	0
3	90.838	496.5	496.5	496.5	0	423.636	423.636	423.636	0
4	90.851	309.649	309.649	309.649	0	299.909	299.909	299.909	0
