

istanze/10_rand_dataset



istanze/10_rand_dataset

1	0.79	330.404	433.048	384.534	841.138	330.404	330.404	330.404	0
2	0.7683	305.013	393.184	354.569	1210.86	284.322	284.322	284.322	0
3	0.7696	308.656	426.361	370.196	998.712	297.305	326.455	308.965	203.932
4	0.7752	362.408	416.652	382.913	382.309	330.608	330.608	330.608	0


istanze/20_rand_dataset

1	1.6887	376.412	531.666	472.989	2350.1	368.776	430.77	380.583	337.822
2	1.6594	412.561	562.978	491.992	1700.79	397.501	461.009	424.149	533.161
3	1.6523	408.855	460.283	438.381	303.811	392.092	425.381	407.562	83.1454
4	1.6544	392.726	466.607	427.905	682.51	350.878	362.636	357.115	22.5427


istanze/30_rand_dataset

1	2.6797	493.845	627.746	541.361	2198.21	463.787	491.387	472.338	69.9236
2	2.6734	469.755	614.365	540.44	2338.22	450.463	496.917	464.148	275.669
3	2.69	516.242	637.231	563.788	1370.09	495.814	546.394	518.222	349.337
4	2.6845	489.395	561.666	520.351	363.919	470.865	534.893	489.643	297.999


istanze/40_rand_dataset

1	4.2062	658.569	734.587	686.355	708.964	552.236	645.257	583.865	690.001
