

istanze/10_rand_dataset

1	0	330.404	330.404	330.404	0
2	0	284.322	284.322	284.322	0
3	0	297.305	297.305	297.305	0
4	0	330.608	330.608	330.608	0


istanze/20_rand_dataset

1	0.0009	368.776	394.462	375.673	100.916
2	0.0005	406.74	463.364	427.447	297.406
3	0.0002	396.615	410.712	404.816	15.7952
4	0.0007	350.878	377.554	362.391	87.8558


istanze/30_rand_dataset

1	0.005	464.492	497.415	474.62	82.6803
2	0.0063	450.463	494.698	466.849	207.851
3	0.0047	494.013	583.787	523.73	631.838
4	0.0043	472.203	506.527	490.054	154.783


istanze/40_rand_dataset

1	0.0191	552.236	598.065	568.536	169.799
2	0.0164	553.951	598.437	574.782	221.192
3	0.0184	558.028	623.045	582.327	430.94
4	0.0247	578.263	627.995	598.153	298.546


istanze/50_rand_dataset

1	0.0573	588.15	624.804	606.711	198.586
2	0.054	562.616	602.517	590.822	172.103
3	0.051	548.513	646.834	584.064	813.286
4	0.0546	561.113	645.348	584.755	626.905


istanze/60_rand_dataset

1	0.136	655.543	706.452	678.236	315.036
2	0.1637	602.623	677.565	631.779	375.058
3	0.1186	618.083	689.937	650.086	640.681
4	0.1329	593.257	628.982	611.593	149.837


istanze/70_rand_dataset

1	0.2564	646.847	700.782	670.58	360.676
2	0.2235	692.334	752.711	723.203	236.342
3	0.2006	697.544	740.919	716.931	193.341
4	0.1878	685.08	722.361	704.586	124.097


istanze/80_rand_dataset

1	0.5085	731.228	781.822	754.015	209.121
2	0.4695	676.179	725.391	703.49	272.774
3	0.4668	715.643	771.673	738.389	355.406
4	0.3184	713.485	784.486	746.885	493.223


istanze/90_rand_dataset

1	0.8172	719.851	762.856	740.33	198.761
2	0.7565	773.366	817.395	794.851	210.923
3	0.6109	819.303	863.052	846.741	189.082
4	0.7518	778.321	848.464	800.702	415.497


istanze/100_rand_dataset

1	1.2567	765.031	816.258	795.867	221.262
2	1.2073	792.474	839.268	813.392	184.311
3	1.2964	779.559	834.235	810.063	244.604
4	1.5176	838.442	887.278	848.868	189.498


istanze_cl/10_cl_dataset

1	0	105.943	105.943	105.943	0
2	0	217.03	221.836	219.065	3.96035
3	0	212.892	212.892	212.892	0
4	0	202.673	202.673	202.673	0


istanze_cl/20_cl_dataset

1	0.0008	234.421	243.957	237.622	6.28761
2	0.0004	271.206	280.821	273.16	6.93607
3	0.0005	178.402	185.786	181.785	2.92779
4	0.0007	128.976	134.071	131.759	5.11435


istanze_cl/30_cl_dataset

1	0.0088	145.56	156.12	149.299	8.84493
2	0.0059	172.679	181.766	176.247	5.3095
3	0.0052	190.971	202.757	194.448	14.2934
4	0.0057	251.035	259.044	252.331	5.15758


istanze_cl/40_cl_dataset

1	0.0173	256.879	268.544	263.377	12.5512
2	0.0163	182.907	191.036	185.671	5.69987
3	0.0195	277.902	288.227	281.525	7.8694
4	0.0178	227.584	249.212	235.732	32.2337


istanze_cl/50_cl_dataset

1	0.0588	286.41	302.031	293.85	16.0688
2	0.055	241.752	260.306	250.989	59.7201
3	0.072	217.84	226.141	221.433	4.64737
4	0.0443	225.772	242.645	231.317	23.2759


istanze_cl/60_cl_dataset

1	0.113	269.729	280.372	273.746	9.85004
2	0.128	326.029	334.735	329.01	8.60254
3	0.134	292.338	305.442	298.545	20.8914
4	0.1429	234.16	242.377	238.973	9.00071


istanze_cl/70_cl_dataset

1	0.249	291.392	306.813	296.987	22.0563
2	0.3336	200.99	209.753	207.056	6.20771
3	0.2429	269.364	278.733	274.962	9.25812
4	0.3117	267.975	280.899	273.601	19.2798


istanze_cl/80_cl_dataset

1	0.4628	294.642	303.796	298.724	11.502
2	0.5443	333.597	348.753	341.619	33.5174
3	0.5247	312.825	332.162	321.556	31.8556
4	0.485	292.599	308.926	300.392	24.6409


istanze_cl/90_cl_dataset

1	0.777	280.349	296.329	289.294	22.8451
2	0.5205	177.189	192.516	184.705	15.9439
3	0.7918	313.403	319.745	316.859	4.74996
4	0.7854	410.503	427.213	418.923	22.3371


istanze_cl/100_cl_dataset

1	1.235	338.73	363.35	346.905	56.7844
2	1.3257	255.354	264.634	260.342	6.2733
3	1.3194	376.793	391.467	383.763	21.8682
4	1.0779	371.764	392.963	375.336	36.1035


istanze_line/10_line_dataset

1	0	159.218	159.218	159.218	0
2	0	288.51	288.51	288.51	0
3	0	261.339	261.339	261.339	0
4	0	209.73	219.333	211.651	14.7545


istanze_line/20_line_dataset

1	0.0001	319.137	334.42	322.742	22.3785
2	0.001	229.684	257.742	232.489	70.8538
3	0.0006	367.093	367.093	367.093	0
4	0.0007	326.201	333.927	327.746	9.55226


istanze_line/30_line_dataset

1	0.0057	369.053	386.984	371.965	26.0608
2	0.0064	454.781	481.893	478.589	63.3127
3	0.0056	333.605	333.605	333.605	0
4	0.0059	318.679	348.751	326.552	88.2972


istanze_line/40_line_dataset

1	0.0202	401.964	420.823	410.935	51.8473
2	0.0204	283.883	283.883	283.883	0
3	0.0213	217.522	217.974	217.703	0.0491381
4	0.0175	329.906	330.969	330.437	0.282811


istanze_line/50_line_dataset

1	0.0563	286.163	321.627	290.133	110.312
2	0.0442	248.204	250.258	249.026	1.01224
3	0.0597	323.377	323.706	323.476	0.0227446
4	0.0567	368.851	385.919	377.645	40.1771


istanze_line/60_line_dataset

1	0.1127	324.177	364.135	337.607	170.55
2	0.1321	305.244	305.797	305.395	0.0382469
3	0.1238	375.713	390.295	382.485	24.3815
4	0.0958	396.103	413.191	403.744	40.0885


istanze_line/70_line_dataset

1	0.2573	399.93	423.448	411.323	130.069
2	0.2705	317.436	339.086	327.684	65.7816
3	0.2043	431.462	488.838	447.859	288.27
4	0.2031	365.242	379.715	370.482	25.1103


istanze_line/80_line_dataset

1	0.4534	344.079	360.96	350.791	34.5375
2	0.292	392.088	425.768	401.947	112.915
3	0.3089	306.863	332.84	313.914	59.1395
4	0.4693	289.389	319.296	301.226	121.386


istanze_line/90_line_dataset

1	0.9067	300.086	331.657	309.997	131.055
2	0.4687	478.513	483.675	481.023	2.764
3	0.541	431.953	449.388	440.835	48.3957
4	0.6777	313.67	314.785	313.976	0.223415


istanze_line/100_line_dataset

1	1.3133	368.081	392.643	378.561	51.5143
2	1.1152	391.543	416.882	404.979	69.0021
3	1.1328	320.892	320.892	320.892	0
4	0.9249	417.943	437.941	426.957	34.2615


istanze_circle/10_circle_dataset

1	0	225.682	225.682	225.682	0
2	0	229.968	248.811	233.736	56.8071
3	0	151.944	151.944	151.944	0
4	0	98.1439	98.1439	98.1439	0


istanze_circle/20_circle_dataset

1	0.0008	264.681	270.269	266.916	7.49503
2	0.0006	238.428	239.932	239.155	0.533075
3	0.0008	258.023	258.023	258.023	0
4	0.0003	373.909	428.605	387.315	235.631


istanze_circle/30_circle_dataset

1	0.006	408.874	452.39	425.502	140.543
2	0.0067	380.674	407.358	386.987	56.7514
3	0.0052	405.795	430.222	418.025	100.46
4	0.0047	249.852	273.719	259.143	79.9396


istanze_circle/40_circle_dataset

1	0.0202	341.241	401.975	352.388	279.136
2	0.0191	285.975	329.267	293.253	221.427
3	0.0199	406.15	443.439	416.707	143.014
4	0.023	195.695	252.528	202.872	275.217


istanze_circle/50_circle_dataset

1	0.0591	295.731	346.432	305.897	222.686
2	0.058	432.646	465.336	448.307	159.473
3	0.0733	285.04	301.117	292.299	32.3713
4	0.037	387.44	406.155	399.958	25.5336


istanze_circle/60_circle_dataset

1	0.103	331.551	403.798	355.8	578.077
2	0.0969	381.601	462.059	409.824	1071.42
3	0.1164	229.035	236.555	231.428	6.8967
4	0.138	455.043	509.448	475.908	283.243


istanze_circle/70_circle_dataset

1	0.2789	275.654	297.354	282.758	29.9178
2	0.1952	255.61	281.087	266.133	79.7629
3	0.2379	338.085	345.538	341.104	9.8749
4	0.2251	451.098	500.281	471.975	164.954


istanze_circle/80_circle_dataset

1	0.3316	571.562	608.753	591.339	147.911
2	0.441	403.446	432.549	417.921	82.7262
3	0.4723	145.162	149.383	146.923	2.46662
4	0.3832	225.627	251.624	234.788	70.5259


istanze_circle/90_circle_dataset

1	0.8011	367.967	439.526	388.871	669.321
2	0.5924	389.327	430.459	412.67	210.519
3	0.7476	259.175	312.098	271.904	198.909
4	0.5735	450.127	482.189	463.168	75.8088


istanze_circle/100_circle_dataset

1	1.0111	533.632	565.828	550.046	122.242
2	0.9045	549.878	598.107	569.787	292.871
3	1.0068	413.398	442.761	427.086	81.9518
4	0.8926	297.896	337.658	316.68	152.517
