

istanze/10_rand_dataset

1	0	1.79769e+308	2.22507e-308	0	0	330.404	330.404	330.404	0
2	0	1.79769e+308	2.22507e-308	0	0	284.322	284.322	284.322	0
3	0	1.79769e+308	2.22507e-308	0	0	297.305	297.305	297.305	0
4	0	1.79769e+308	2.22507e-308	0	0	330.608	330.608	330.608	0


istanze/20_rand_dataset

1	0.0032	1.79769e+308	2.22507e-308	0	0	368.776	399.75	376.196	120.461
2	0.0017	1.79769e+308	2.22507e-308	0	0	397.501	447.087	418.772	241.868
3	0.0005	1.79769e+308	2.22507e-308	0	0	397.661	422.281	405.557	45.8452
4	0.001	1.79769e+308	2.22507e-308	0	0	350.878	400.828	368.39	325.105


istanze/30_rand_dataset

1	0.0072	1.79769e+308	2.22507e-308	0	0	466.139	505.811	480.071	187.159
2	0.0099	1.79769e+308	2.22507e-308	0	0	450.216	509.065	467.285	285.678
3	0.0083	1.79769e+308	2.22507e-308	0	0	494.013	538.366	513.748	253.062
4	0.0079	1.79769e+308	2.22507e-308	0	0	476.694	497.162	484.914	37.0987


istanze/40_rand_dataset

1	0.0278	1.79769e+308	2.22507e-308	0	0	551.326	593.403	561.469	162.091
2	0.0243	1.79769e+308	2.22507e-308	0	0	567.889	611.713	589.693	210.158
3	0.0242	1.79769e+308	2.22507e-308	0	0	560.391	605.133	577.22	200.226
4	0.0309	1.79769e+308	2.22507e-308	0	0	569.511	631.476	601.745	374.653


istanze/50_rand_dataset

1	0.0825	1.79769e+308	2.22507e-308	0	0	596.409	642.078	612.875	175.361
2	0.0733	1.79769e+308	2.22507e-308	0	0	570.658	612.222	590.941	156.382
3	0.0716	1.79769e+308	2.22507e-308	0	0	548.991	637.639	584.222	586.005
4	0.0762	1.79769e+308	2.22507e-308	0	0	561.113	612.801	580.607	236.085


istanze/60_rand_dataset

1	0.1891	1.79769e+308	2.22507e-308	0	0	627.036	691.032	657.792	297.794
2	0.1989	1.79769e+308	2.22507e-308	0	0	604.138	658.672	624.271	289.805
3	0.1892	1.79769e+308	2.22507e-308	0	0	614.521	684.314	651.655	376.182
4	0.1846	1.79769e+308	2.22507e-308	0	0	598.719	634.619	618.183	141.234


istanze/70_rand_dataset

1	0.3091	1.79769e+308	2.22507e-308	0	0	658.999	711.545	675.734	279.427
2	0.3249	1.79769e+308	2.22507e-308	0	0	699.87	757.673	727.247	264.66
3	0.3181	1.79769e+308	2.22507e-308	0	0	688.782	765.47	725.503	666.032
