

istanze/10_rand_dataset

1	3.0072	343.58	399.498	375.712	392.755	330.404	330.404	330.404	0
2	2.9878	304.561	405.717	361.31	1062.89	284.322	284.322	284.322	0
3	3.0261	300.948	408.125	353.439	1027.63	297.305	326.455	303.135	135.954
4	3.0138	377.574	419.594	402.091	154.991	330.608	330.608	330.608	0


istanze/20_rand_dataset

1	3.2875	412.588	521.011	471.4	1691.35	368.776	392.245	379.647	62.2102
2	3.2847	422.745	592.151	500.887	3018.46	397.501	462.257	427.305	468.804
3	3.2212	411.853	475.174	447.144	447.912	396.222	411.853	400.992	20.4633
4	3.267	376.521	472.91	432.274	787.29	351.611	368.654	360.528	16.3922


istanze/30_rand_dataset

1	3.5945	465.412	648.683	544.272	1940.85	463.787	510.529	474.787	181.852
2	3.5849	508.983	580.602	545.023	553.616	450.463	491.103	464.112	154.37
3	3.6055	560.22	641.158	593.394	773.498	494.013	536.843	514.798	223.963
4	3.5832	496.927	574.809	533.63	455.457	471.291	496.277	480.182	48.1584


istanze/40_rand_dataset

1	3.8829	574.138	755.307	697.307	2592.06	557.201	631.037	596.306	828.284
2	3.8554	585.221	702.431	633.821	844.82	563.308	605.556	580.833	186.032
3	3.8663	627.868	712.224	663.054	597.951	560.908	628.985	589.876	541.26
4	3.8921	650.007	733.262	696.357	711.658	581.568	621.744	601.877	167.047


istanze/50_rand_dataset

1	4.1632	639.764	748.293	704.527	745.856	588.258	657.344	609.177	331.75
2	4.16	580.47	693.064	655.925	1254.27	569.947	616.604	594.094	253.626
3	4.1825	571.342	721.599	642.112	1730.37	547.048	616.977	576.401	444.724
4	4.183	598.586	702.528	665.08	973.524	558.226	608.708	579.859	254.781


istanze/60_rand_dataset

1	4.4736	699.018	865.334	800.368	1772.27	647.56	697.716	670.973	205.67
2	4.4683	661.025	836.594	739.759	2583.35	615.311	681.477	648.203	278.226
3	4.4572	631.019	757.09	702.227	1535.46	614.359	675.479	639.481	307.81
4	4.4793	647.775	760.664	715.629	1585.53	594.316	667.71	636.522	672.36


istanze/70_rand_dataset

1	4.7526	710.022	787.463	754.233	741.15	651.254	707.527	675.829	390.767
2	4.8335	738.315	869.976	797.628	2112.47	697.932	755.038	724.425	225.371
3	4.7792	740.352	812.71	766.82	411.517	707.079	731.476	719.468	54.5077
4	4.7615	712.481	820.911	773.196	1314.86	699.638	732.36	710.016	76.8885


istanze/80_rand_dataset

1	5.0787	800.963	914.052	845.069	1251.86	742.909	783.204	758.382	198.796
2	5.0658	746.231	913.357	810.493	2002.62	694.66	768.308	725.004	507.509
3	5.0788	825.821	944.701	875.412	1675.2	737.164	784.012	760.18	262.388
4	5.0646	759.893	856.622	804.288	923.005	734.075	770.347	753.138	116.865


istanze/90_rand_dataset

1	5.3882	769.298	937.461	880.34	2751.6	709.945	774	751.876	296.972
2	5.4132	860.545	938.15	907.375	565.932	751.879	835.938	801.631	660.07
3	5.3743	880.096	957.507	908.982	759.007	822.201	878.539	843.254	240.088
4	5.3856	811.079	956.15	885.34	2001.41	776.859	832.381	804.156	307.967


istanze/100_rand_dataset

1	5.7605	863.672	1016.47	923.861	2262.99	775.589	842.772	808.419	478.945
2	5.7326	854.218	963.836	902.519	1524.24	788.263	861.793	820.318	537.873
3	5.7123	883.555	986.427	936.264	1299.85	780.467	859.684	809.323	636.481
4	5.6841	919.306	1072.71	982.352	2400.49	841.639	886.656	863.105	238.962


istanze_cl/10_cl_dataset

1	2.9885	105.943	175.104	140.113	752.357	105.943	105.943	105.943	0
2	2.9978	219.008	237.959	226.778	35.1318	217.03	219.008	217.623	0.821378
3	3.0113	217.286	354.852	260.781	2128.15	212.892	212.892	212.892	0
4	3.0068	207.146	294.442	243.073	1471.37	201.934	202.673	202.377	0.131074


istanze_cl/20_cl_dataset

1	3.288	237.948	397.865	294.832	3641.49	233.456	242.559	237.799	7.26458
2	3.285	271.69	378.316	312.301	1178.74	271.206	272.609	271.908	0.314347
3	3.2779	182.508	285.518	244.333	2056.05	177.957	182.726	179.566	2.53232
4	3.2756	145.017	187.359	171.515	180.576	128.976	134.071	132.029	5.38862


istanze_cl/30_cl_dataset

1	3.6346	152.474	178.79	163.99	53.0649	141.218	153.666	148.329	12.3595
2	3.6155	176.002	227.999	204.837	254.741	171.506	177.677	175.105	2.84672
3	3.6234	199.911	262.854	222.365	485.239	193.052	201.979	195.639	6.77147
4	3.5851	266.447	412.04	354.865	3114.82	251.035	266.675	254.751	25.9751


istanze_cl/40_cl_dataset

1	3.8937	268.207	328.275	290.617	364.78	256.475	269.447	261.601	22.8487
2	3.9053	189.9	228.636	206.693	143.639	179.767	186.703	183.23	4.12685
3	3.8968	296.011	378.501	327.998	1031.26	277.902	304.981	286.649	56.682
4	3.9615	260.116	303.332	285.026	223.403	226.207	245.499	234.427	41.868


istanze_cl/50_cl_dataset

1	4.1874	289.429	409.978	342.541	1299.26	284.907	292.668	288.074	9.24617
2	4.1957	261.254	331.908	293.975	668.177	241.15	256.057	250.318	31.7771
3	4.2366	227.346	283.165	260.421	418.523	215.709	232.718	224.359	22.4242
4	4.2251	240.413	306.863	255.251	317.225	225.221	229.423	226.88	2.01913


istanze_cl/60_cl_dataset

1	4.6027	353.989	458.899	414.934	2235.41	321.861	335.575	326.97	17.329
2	4.6809	236.772	270.504	255.485	99.1757	222.383	241.836	230.462	24.8029
3	4.5213	279.184	377.043	315.039	1045.25	272.151	286.052	279.351	21.5906
4	4.6836	256.011	283.26	268.257	73.1842	242.772	263.003	250.041	28.5498


istanze_cl/70_cl_dataset

1	4.897	296.366	373.411	332.97	905.318	289.549	300.371	293.313	12.3855
2	4.8423	217.902	272.584	239.261	443.976	200.989	209.241	205.24	6.27649
3	4.808	276.846	362.37	305.341	811.959	267.681	275.522	272.291	4.92225
4	4.7673	289.877	390.695	329.186	1091.07	268.469	279.408	274.113	12.4889


istanze_cl/80_cl_dataset

1	5.1064	304.672	354.784	332.784	219.064	293.552	311.652	300.765	30.8222
2	5.0742	332.277	469.004	364.812	2052.94	328.775	339.477	333.038	15.6243
3	5.148	331.312	430.8	392.721	1038.3	315.661	327.885	321.579	15.6263
4	5.1819	317.702	380.624	341.635	380.852	291.085	308.349	300.84	26.535


istanze_cl/90_cl_dataset

1	5.4732	287.137	341.939	307.704	379.799	276.393	296.963	284.037	31.9903
2	5.5244	183.375	199.129	189.431	28.1753	177.528	184.824	180.217	7.45472
3	5.5065	335.624	387.215	356.482	242.174	308.938	320.238	313.368	8.9614
4	5.5405	413.633	589.458	492.78	4871.04	409.032	425.547	413.029	20.1942


istanze_cl/100_cl_dataset

1	5.7716	339.508	394.74	368.183	239.045	327.257	354.953	337.438	58.8962
2	5.7449	262.446	321.88	285.358	317.902	254.442	268.607	259.697	21.9483
3	5.7306	406.871	509.729	445.602	1034.85	374.984	387.486	382.074	18.62
4	5.7628	385.081	506.348	453.621	2385.52	364.493	385.751	373.222	41.2788


istanze_line/10_line_dataset

1	3.0314	199.519	241.765	223.182	196.422	159.218	159.218	159.218	0
2	2.9939	288.51	391.693	347.379	1495.07	288.51	288.51	288.51	0
3	3.0108	301.728	376.74	331.262	547.518	261.339	261.339	261.339	0
4	3.0119	209.73	287.468	244.205	523.214	209.73	219.333	213.224	18.6141


istanze_line/20_line_dataset

1	3.329	324.841	479.379	378.61	1777.75	320.217	341.869	326.944	52.4131
2	3.3309	256.515	350.665	289.553	718.104	229.684	229.684	229.684	0
3	3.3354	384.438	545.521	469.774	2228.39	367.093	367.093	367.093	0
4	3.3203	405.283	460.061	421.902	438.779	326.201	333.927	326.973	5.37315


istanze_line/30_line_dataset

1	3.5943	413.166	477.367	450.091	329.773	369.053	371.694	370.591	1.29877
2	3.6847	531.492	658.05	583.095	2065.73	454.781	482.232	473.726	153.934
3	3.6036	353.729	473.036	426.415	1730.33	333.605	333.605	333.605	0
4	3.5981	384.508	492.555	429.008	1043.27	318.679	369.794	328.441	225.402


istanze_line/40_line_dataset

1	3.9651	457.184	556.031	495.302	1158.04	403.985	443.335	420.975	272.139
2	3.9943	322.845	452.539	411.203	1613.74	283.883	283.883	283.883	0
3	4.0111	233.516	340.693	265.974	1016.77	217.522	217.974	217.658	0.0429958
4	4.0301	343.443	508.129	431.193	2367.07	329.906	331.722	330.375	0.552543


istanze_line/50_line_dataset

1	4.3385	293.083	431.864	356.434	1538.87	286.163	289.603	286.789	0.990281
2	4.3265	263.432	354.625	315.105	927.808	248.204	250.258	248.41	0.37959
3	4.3116	338.316	466.588	410.304	1422.76	323.377	326.336	324.265	1.83886
4	4.3031	418.466	507.042	460.146	919.506	368.851	388.649	381.26	47.0701


istanze_line/60_line_dataset

1	4.6056	333.679	450.183	383.999	1332.11	324.177	348.649	332.842	54.7165
2	4.4558	397.776	499.761	447.449	1185.27	305.244	307.267	305.878	0.56349
3	4.504	412.433	555.855	496.846	1698.85	371.384	383.077	377.593	21.5534
4	4.5309	410.934	517.937	456.858	698.08	396.103	423.728	408.361	66.3342


istanze_line/70_line_dataset

1	4.777	493.071	553.233	520.119	356.812	399.93	444.125	423.791	114.88
2	4.7598	341.826	474.322	406.155	1836.43	311.815	351.043	325.915	158.317
3	4.7475	447.292	617.114	523.407	2086.18	431.462	482.287	457.248	186.057
4	4.7612	423.862	481.998	450.475	339.78	372.722	430.062	395.222	426.209


istanze_line/80_line_dataset

1	5.0848	438.694	534.268	479.496	1042.96	346.86	378.965	357.249	101.875
2	5.1112	437.192	601.315	534.352	1747.47	388.757	412.5	396.602	50.5513
3	5.0729	354.68	439.808	383.881	475.856	306.028	331.022	316.514	80.4805
4	5.1115	350.924	411.294	380.79	390.936	285.987	317.12	296.506	65.8575


istanze_line/90_line_dataset

1	5.3759	349.291	417.772	386.019	397.983	299.937	334.853	311.764	115.514
2	5.3387	506.546	618.232	558.39	932.241	478.513	523.149	489.483	282.939
3	5.3855	520.268	646.589	578.421	1788.46	430.708	446.173	437.469	23.3973
4	5.428	359.984	439.325	405.419	475.687	313.67	314.923	314.281	0.318101


istanze_line/100_line_dataset

1	5.6672	398.193	580.902	438.594	2545.26	366.82	399.224	385.906	79.5081
2	5.6657	407.653	668.12	491.518	4932.03	394.294	427.39	406.391	96.1718
3	5.8952	376.659	566.419	455.358	2644.34	320.892	320.892	320.892	0
4	5.6836	474.802	558.224	524.325	740.22	407.719	431.753	419.588	42.5009


istanze_circle/10_circle_dataset

1	2.9984	225.682	253.988	240.632	133.642	225.682	225.682	225.682	0
2	3.0023	236.64	303.97	273.209	386.008	229.968	248.811	235.621	74.5593
3	3.0061	164.808	239.922	215.134	431.397	151.944	151.944	151.944	0
4	2.9976	98.317	110.221	101.858	18.0753	98.1439	98.1439	98.1439	0


istanze_circle/20_circle_dataset

1	3.2563	310.213	392.005	350.377	484.368	264.681	270.269	265.24	2.81064
2	3.2571	274.844	340.203	312.736	381.869	238.428	267.911	247.974	170.644
3	3.2725	303.109	425.621	380.874	1200.08	258.023	258.023	258.023	0
4	3.2541	406.449	458.288	431.135	246.544	373.909	396.324	385.287	64.7903


istanze_circle/30_circle_dataset

1	3.58	443.406	540.088	489.234	697.582	418.958	452.763	431.918	151.796
2	3.5754	396.375	507.898	453.545	1531.66	385.495	444.104	398.37	260.386
3	3.5856	445.678	512.349	483.767	290.936	394.659	446.402	419.11	326.576
4	3.5621	263.421	295.03	283.032	105.791	252.972	274.39	263.958	42.5191


istanze_circle/40_circle_dataset

1	3.8954	409.889	511.277	453.719	1228.58	338.478	347.676	343.027	11.3419
2	3.9013	333.709	403.338	358.051	470.88	285.975	360.749	298.45	653.275
3	3.8864	432.849	556.503	486.483	1087.02	412.175	433.766	420.788	35.9759
4	3.8991	231.351	285.239	265.197	226.432	196.421	252.345	203.464	268.438


istanze_circle/50_circle_dataset

1	4.1653	323.16	429.542	376.448	943.142	295.731	306.658	299.094	8.35347
2	4.1696	503.564	565.908	531.378	257.367	429.179	480.322	456.426	230.832
3	4.1615	356.146	501.231	395.308	1579.54	284.7	370.172	295.976	628.843
4	4.1548	390.465	468.979	427.494	680.243	381.692	424.375	400.063	133.843


istanze_circle/60_circle_dataset

1	4.5167	352.398	409.84	384.714	332.828	331.551	381.023	343.715	166.565
2	4.5028	422.018	499.479	465.641	473.627	381.601	459.947	400.471	875.877
3	4.5039	284.603	342.941	311.111	361.569	229.035	329.196	241.382	880.429
4	4.5012	494.629	619.691	560.681	1019.02	454.897	488.134	474.782	97.4244


istanze_circle/70_circle_dataset

1	4.7594	292.176	346.331	328.489	240.373	276.168	295.668	283.029	46.2611
2	4.7512	282.539	308.519	297.494	75.8791	250.688	281.663	266.359	101.003
3	4.7837	362.4	444.56	407.729	572.458	338.085	345.321	344.027	4.17894
4	4.7783	495.094	611.941	546.931	1167.65	456.813	507.947	474.565	244.701


istanze_circle/80_circle_dataset

1	5.046	582.522	702.876	646.256	1429.91	569.211	624.262	590.844	352.007
2	5.0419	436.617	547.171	499.074	991.635	409.266	441.869	427.182	96.361
3	5.0251	156.71	200.699	181.969	105.085	145.022	154.439	147.29	7.86149
4	5.0315	228.039	280.342	240.166	208.53	226.003	238.563	229.816	11.5952


istanze_circle/90_circle_dataset

1	5.3902	412.906	520.596	450.56	1145.47	364.295	426.942	381.331	420.846
2	5.3534	392.91	473.055	443.615	524.488	382.25	420.528	394.808	127.163
3	5.3551	334.158	378.854	352.458	226.003	267.63	324.239	274.304	278.618
4	5.398	454.068	548.668	501.61	1301.26	447.066	472.032	459.218	62.4189


istanze_circle/100_circle_dataset

1	5.6861	570.736	667.029	607.13	1072.01	535.368	566.039	548.433	94.1294
2	5.6541	581.231	678.95	638.777	733.345	549.878	633.494	582.976	773.048
3	5.6305	452.216	521.381	496.653	379.496	419.419	449.421	431.253	94.3889
4	5.6451	306.476	405.77	342.175	725.632	297.516	334.917	313.071	114.217


