

istanze/10_rand_dataset

1	0,5987	343,58	404,883	380,932	388,743	330,404	330,404	330,404	0
2	0,6029	305,013	405,717	358,058	859,772	284,322	284,322	284,322	0
3	0,6008	300,692	392,426	362,723	1004,29	297,305	326,455	306,05	178,44
4	0,6083	369,318	422,458	405,487	172,969	330,608	330,608	330,608	0

1	1,3187	368,776	527,204	472,31	2325,81	368,776	386,032	374,895	45,3067
2	1,3602	415,243	514,665	468,476	1206,56	397,501	454,9	411,189	281,801
3	1,3725	415,465	469,532	432,699	274,59	392,092	411,368	401,092	24,8695
4	1,3537	394,641	461,966	431,891	457,497	351,611	381,587	367,779	118,548

1	2,229	527,646	625,398	561,287	1062,43	463,787	476,739	468,911	23,5024
2	2,1942	494,146	626,15	564,763	1598,82	450,463	481,933	464,324	98,4724
3	2,1346	520,856	633,069	572,306	1157,52	498,699	559,886	524,898	346,169
4	2,2144	506,358	583,676	529,327	475,478	466,485	492,525	481,959	93,2049

1	3,2249	629,162	733,835	686,24	1101,63	558,111	628,245	579,956	457,431
2	3,132	596,207	657,598	629,813	341,758	546,095	611,789	577,607	288,448
3	3,2175	611,8	719,517	645,175	857,105	564,773	617,22	586,845	324,088
4	3,2513	601,596	726,157	681,491	1341,47	581,841	621,939	598,235	185,5

1	4,1804	651,64	736,013	688,689	551,179	582,904	635,965	601,741	352,842
2	4,1602	571,859	705,535	655,563	1221,33	568,041	627,59	588,171	290,016
3	4,1789	583,899	697,11	640,271	1251,06	573,129	618,449	591,624	182,311
4	4,2679	574,21	702,631	637,229	2305,93	558,226	623,744	579,271	411,071

1	5,4106	688,678	825,371	740,337	1605,16	642,312	691,017	664,966	163,738
2	5,3838	644,05	780,052	721,744	1513,38	605,06	644,384	623,552	118,147
3	5,4525	657,456	774,234	706,986	1046,21	609,126	684,231	642,984	551,289
4	5,4134	611,539	750,682	700,086	1284,59	598,164	654,699	626,23	354,473

1	6,8111	689,024	782,383	728,207	883,559	657,159	685,928	669,86	116,765
2	6,8165	764,932	814,381	781,917	177,17	684,891	739,186	712,951	302,904
3	6,8536	735,9	844,857	768,37	992,249	689,772	746,911	711,019	191,36
4	6,7948	688,424	789,018	751,594	752,889	677,042	729,789	699,416	262,215

1	8,2966	781,297	911,716	838,992	1401,39	741,39	787,568	764,646	169,197
2	8,3572	755,451	818,113	794,793	393,836	696,175	754,744	717,815	339,375
3	8,1889	807,723	913,374	861,691	1204,74	725,98	777,705	754,479	336,65
4	8,4836	777,004	880,214	809,427	866,709	726,221	780,912	754,184	272,547

1	9,8642	749,681	857,908	810,05	1066,2	728,041	776,595	749,586	229,545
2	10,0392	798,515	969,852	888,218	2442,69	772,366	816,345	796,292	227,743
3	9,9929	862,361	944,794	902,019	859,366	822,167	857,758	842,594	118,144
4	10,0035	841,266	934,373	896,344	907,123	790,794	825,993	803,637	150,677

1	11,6382	830,501	996,615	902,095	1711,46	776,195	836,684	804,076	464,059
2	11,5733	860,799	1000,45	910,682	1566,65	785,286	869,384	817,458	450,042
3	11,541	833,166	955,894	899,273	923,072	781,972	830,652	804,008	298,804
4	11,4799	862,248	1033,08	960,007	2800,87	842,968	895,52	860,064	254,247


istanze_cl/10_cl_dataset

1	0,6291	110,12	180,464	156,352	731,933	105,943	105,943	105,943	0
2	0,6301	222,607	329,865	245,422	1031,61	217,03	221,836	217,708	2,24038
3	0,6224	212,892	354,553	270,881	2087,37	212,892	212,892	212,892	0
4	0,6223	207,14	359,177	262,06	2268,03	201,934	202,673	202,304	0,136535

1	1,3557	240,241	363,84	281,958	2010,38	234,421	239,18	236,862	2,32912
2	1,3514	281,38	416,701	309,548	1492,82	271,206	272,901	271,845	0,315456
3	1,356	178,492	277,843	214,131	1692,37	177,957	181,814	180,052	2,04006
4	1,3603	137,735	195,366	158,715	286,425	128,976	137,665	132	8,82421

1	2,1988	145,863	174,958	165,088	66,4766	145,863	153,18	149,682	4,32188
2	2,2017	185,961	244,678	210,383	217,318	169,219	177,898	174,533	7,23776
3	2,1996	198,798	243,264	218,581	192,451	190,192	211,667	198,051	45,7483
4	2,1927	273,264	403,041	325,442	3326,72	251,035	259,654	253,023	11,188

1	3,241	267,22	334,579	293,615	407,61	256,65	270,603	263,723	24,4876
2	3,2797	192,714	245,943	212,568	400,323	181,552	186,872	184,482	2,35042
3	3,2796	303,092	371,678	331,19	690,39	278,057	289,137	284,24	11,6806
4	3,236	256,548	298,31	276,708	141,97	229,816	244,358	236,971	24,5069

1	4,2395	309,949	401,998	334,807	640,097	287,275	300,872	291,831	16,9
2	4,2207	256,051	326,705	277,243	573,655	244,159	267,971	253,671	54,38
3	4,2167	231,449	295,573	266,636	499,776	219,87	229,462	224,489	7,87801
4	4,2247	237,458	290,781	252,429	201,284	224,943	234,94	228,062	9,20668

1	5,4238	278,529	306,282	292,158	63,9777	271,402	280,228	273,899	5,39282
2	5,435	337,01	425,715	360,286	594,226	322,707	350,779	331,745	91,3935
3	5,4491	307,112	360,385	329,932	406,901	290,126	311,651	298,36	34,7815
4	5,4352	248,108	331,828	283,005	630,423	233,602	250,7	240,715	22,2768

1	6,7982	306,681	389,267	330,438	897,436	290,915	303,275	297,214	12,4051
2	6,8422	227,211	282,057	246,89	334,032	201,453	215,379	209,225	17,0274
3	6,8225	274,447	366,696	296,506	637,328	270,098	276,723	273,856	5,39381
4	6,866	293,707	390,051	321,818	951,036	267,231	287,008	274,617	29,4586

1	8,4078	308,387	377,212	340,177	423,607	296,059	325,974	308,128	63,1491
2	8,4212	344,966	485,214	387,151	2011,92	332,15	343,995	339,455	12,0516
3	8,5286	330,406	435,042	368,198	1398,53	315,371	339,651	325,344	53,916
4	8,5793	323,993	391,929	355,863	535,765	297,951	312,708	306,132	22,7725

1	10,2625	297,814	371,137	335,897	433,033	280,464	295,027	286,337	24,4115
2	10,0974	191,412	214,139	197,854	35,2661	179,252	187,456	183,363	6,30703
3	10,1183	328,536	395,808	366,974	366,525	313,385	323,388	317,85	11,4445
4	10,0703	417,391	598,82	522,589	4832,16	410,736	429,422	417,72	30,0465

1	11,6195	352,279	414,637	380,661	294,483	336,101	351,983	342,089	20,5628
2	11,7357	269,05	310,203	286,857	204,65	252,929	274,127	264,662	54,6394
3	11,6988	401,684	462,998	429,79	387,172	377,171	400,765	384,638	55,6496
4	11,6638	388,964	490,385	428,669	1430,69	367,522	387,479	376,056	34,1587


istanze_line/10_line_dataset

1	0,6177	159,218	241,342	209,691	745,113	159,218	159,218	159,218	0
2	0,6138	291,641	388,131	351,725	1008,49	288,51	288,51	288,51	0
3	0,6146	311,086	376,74	335,157	266,631	261,339	261,339	261,339	0
4	0,6188	209,73	252,171	230,652	180,186	209,73	219,333	211,651	14,7545

1	1,3392	345,823	420,306	379,336	654,814	319,623	323,408	320,568	1,08911
2	1,3431	253,507	357,772	292,799	1560,07	229,684	229,684	229,684	0
3	1,3608	404,032	517,658	460,552	1085,52	367,093	367,093	367,093	0
4	1,3542	341,753	479,506	431,254	1306,56	326,201	342,197	332,436	22,5255

1	2,2217	427,316	509,183	458,317	703,772	369,053	389,53	377,942	89,8115
2	2,2196	539,556	626,256	582,668	1146,81	454,781	482,232	465,414	169,8
3	2,2025	334,058	504,101	408,725	2735,12	333,605	333,605	333,605	0
4	2,2025	382,76	448,948	408,531	441,225	318,679	342,704	328,798	75,0572

1	3,1791	418,037	510,823	463,684	586,395	401,964	425,79	408,926	81,037
2	3,1845	395,193	444,065	418,217	246,954	283,883	283,883	283,883	0
3	3,1643	236,657	306,863	276,462	590,616	217,522	217,974	217,658	0,0429958
4	3,1687	384,388	506,917	461,415	1522,09	329,906	331,722	330,588	0,53372

1	4,2639	337,199	398,456	364,536	272,971	286,163	321,849	290,014	112,719
2	4,2672	249,351	347,06	320,37	1001,12	248,204	278,331	251,422	80,826
3	4,2641	353,22	459,18	405,16	833,221	323,377	326,336	323,838	0,717776
4	4,2766	410,392	483,541	450	794,037	376,656	392,603	383,524	26,849

1	5,6418	359,942	416,925	391,2	424,105	324,177	341,765	331,383	25,5321
2	5,6774	345,605	460,257	403,388	1474,93	305,244	307,267	305,736	0,454789
3	5,6328	418,927	560,527	492,945	1450,75	380,62	389,46	383,574	6,96771
4	5,6188	402,293	544,172	473,415	1510,63	396,103	430,376	409,734	95,5685

1	6,7847	454,6	592,311	517,272	1710,18	399,93	433,738	417,856	151,056
2	6,8505	350,288	498,029	414,724	1812,23	313,276	340,584	327,108	94,059
3	6,7995	454,191	574,683	511,743	1167,18	431,462	475,194	449,937	203,068
4	6,8114	422,794	469,817	445,124	182,634	365,656	420,209	383,776	227,84

1	8,3294	426,34	504,464	461,377	456,766	345,949	362,355	353,514	25,5451
2	8,3164	398,378	589,857	506,759	3943,29	388,86	416,804	397,919	70,9097
3	8,4918	344,88	401,446	374,186	292,105	308,113	336,224	318,289	63,2716
4	8,3254	311,25	407,28	355,707	879,461	293,083	309,151	299,44	29,1546

1	9,7992	348,201	431,702	378,07	676,421	300,086	335,926	314,119	177,547
2	9,7683	503,342	625,094	548,337	1163,97	478,513	483,818	480,652	5,00489
3	9,7902	515,612	620,267	589,534	897,127	436,637	444,84	441,728	8,02826
4	9,9847	373,05	430,155	408,661	276,14	313,67	315,557	314,596	0,2787

1	11,6712	405,915	491,726	453,888	697,794	366,82	397,589	382,878	105,662
2	11,6189	403,469	532,691	463,637	1151,12	393,798	404,724	399,129	7,003
3	11,6064	357,205	515,359	458,223	2181,94	320,892	320,892	320,892	0
4	11,3095	467,386	534,088	488,137	488,21	416,123	442,467	428,494	49,1833


istanze_circle/10_circle_dataset

1	0,5977	225,682	255,281	236,227	95,0777	225,682	230,377	226,152	1,98363
2	0,614	247,148	290,492	267,54	228,381	229,968	248,811	233,736	56,8071
3	0,6283	164,808	244,346	218,113	507,403	151,944	151,944	151,944	0
4	0,6156	98,2724	122,763	104,238	55,9859	98,1439	98,1439	98,1439	0

1	1,3218	316,725	402,864	353,571	481,302	264,681	270,269	269,152	4,99669
2	1,346	291,711	345,783	318,892	332,906	238,428	267,911	250,485	190,304
3	1,3095	296,645	381,977	351,295	634,356	258,023	258,023	258,023	0
4	1,2957	407,031	450,634	429,859	186,441	373,909	396,324	385,054	46,7798

1	2,1233	433,808	529,676	494,041	699,422	408,485	451,55	421,254	222,206
2	2,1231	392,097	495,506	448,733	1337,87	380,674	395,185	386,168	22,7962
3	2,1264	402,433	517,717	461,922	1495,45	390,255	416,005	401,585	62,3555
4	2,111	257,915	306,929	277,852	183,287	249,951	270,685	258,209	45,5857

1	3,0838	367,177	438,185	415,497	448,02	338,824	349,436	342,229	16,8105
2	3,0766	342,698	419,243	381,15	541,095	285,975	350,405	302,298	652,158
3	3,0712	468,238	529,178	497,6	448,819	411,622	445,11	423,662	98,7935
4	3,0621	204,918	275,32	242,68	518,775	196,421	198,922	197,736	0,686288

1	4,1291	329,737	430,396	373,292	999,749	298,354	310,821	300,214	13,5035
2	4,1502	457,335	562,949	507,806	928,311	432,521	460,343	446,078	119,952
3	4,1468	296,56	427,396	387,447	1386,48	284,7	382,907	299,04	792,477
4	4,1371	393,275	443,9	427,652	249,546	381,692	421,943	398,965	129,984

1	5,2908	364,621	415,922	387,094	186,091	331,551	389,783	344,561	246,784
2	5,3064	414,225	501,487	458,209	688,033	381,601	452,656	399,7	624,48
3	5,2943	248,17	343,569	287,034	1218,55	229,035	236,399	232,621	9,67282
4	5,2938	554,719	654,561	587,565	697,053	454,897	481,162	472,103	53,536

1	6,5921	307,199	377,18	345,603	547,848	277,868	285,633	281,708	6,14149
2	6,5824	283,527	328,112	303,812	240,146	255,252	272,312	263,796	39,7732
3	6,6033	356,177	429,671	396,295	520,414	338,821	345,321	343,922	4,06785
4	6,5835	516,939	580,076	542,148	456,912	453,074	501,886	468,065	168,784

1	8,0401	630,14	686,655	648,732	234,636	568,645	602,022	582,177	81,4392
2	8,0049	432,605	499,314	472,147	350,644	404,712	433,346	419,385	103,125
3	7,9376	158,345	201,728	179,055	189,296	145,478	151,411	148,08	3,57106
4	7,9522	232,849	278,35	245,342	160,01	226,094	240,321	231,124	14,2396

1	9,5517	406,761	507,279	465,357	763,969	368,213	423,155	383,973	379,251
2	9,4929	400,622	477,742	445,09	452,79	379,671	433,013	403,427	395,65
3	9,5208	280,556	409,665	333,325	1422,57	264,643	270,928	268,7	2,8768
4	9,5185	445,419	543,099	480,97	1049,84	445,404	466,786	455,16	58,8134

1	11,2203	548,316	656,306	599,855	1249,72	534,59	559,544	546,812	38,246
2	11,1491	593,555	704,745	659,602	1102,48	538,758	595,81	572,366	402,134
3	11,15	452,994	523,688	490,234	692,213	415,952	448,192	429,244	79,4038
4	11,1736	307,641	370,208	342,986	331,568	300,029	321,576	311,264	53,093
